# Star      RA         DEC         J2000
########################################
NGC654       01 44 00.0 +61 53 06   2000
NGC7089      21 33 27.0 -00 49 23.7 2000
NGC7067      21 24 12.7 +48 01 12   2000
feige67      12 41 51.8 +17 31 19.8 2000
mrk231       12 56 14.2 +56 52 25.2 2000
m15          21 29 58.3 +12 10 01.2 2000
m75          20 06 04.8 -21 55 20.1 2000
m30          21 40 22.1 -23 10 47.5 2000
NGC288       00 52 45.2 -26 34 57.4 2000
m79          05 24 10.6 -24 31 27.3 2000
m34          02 42 05.0 +42 45 42   2000
m35          06 08 54.0 +24 20 00   2000
NGC2682      08 51 18.0 +11 48 00   2000
NGC6633      18 27 31.2 +06 34 12   2000
NGC7063      21 24 24.0 +36 29 00   2000
m41          06 46 01.0 -20 45 24   2000
NGC6791      19 20 53.0 +37 46 18   2000
std-hd22859  03 41 43.4 +37 35 13.6 2000
std-hd23258  03 44 28.2 +20 55 43.5 2000
std-hd31069  04 54 51.2 +44 03 39.1 2000
std-hr1544   04 50 36.7 +08 54 00.6 2000
std-feige110 23 19 58.4 -05 09 56.2 2000 
andromeda    00 42 44.3 +41 16 09.0 2000
ring_nebula  18 53 35.1 +33 01 45.0 2000
hercules     16 06 01   +17 42 15.0 2000
vega         18 36 56.3 +38 47 01.2 2000
neptune      22 52 16.0 -08 11 35.2 2000
uranus       01 32 03.0 +08 59 30.5 2000
std-13221    21 40 36   +00 21 00   2000
horsehead    05 40 59   -02 27 30   2000
aldebaran    04 35 55.2 +16 30 33.5 2000
ngc1514      04 09 17.0 +30 46 33.5 2000
CPD-573781   10 46 11.5 -58 39 12.4 2000
IC1296       18 53 18.8 +33 03 59.6 2000
GBR20112-111 01 33 53.2 +30 39 40.8 2000
AH2005-S2551 06 12 51.4 +17 59 13.2 2000

## Star   RA         DEC          MAG        J2000
##################################################
#NGC654   01 44 00.0 +61 53 06    mag=7.34    2000
#NGC7089  21 33 27.0 -00 49 23.7  mag=6.25    2000
#NGC7067  21 24 12.7 +48 01 12    mag=10.6    2000
#feige67  12 41 51.8 +17 31 19.8  mag=11.6    2000
#mrk231   12 56 14.2 +56 52 25.2  mag=13.8    2000
#m15      21 29 58.3 +12 10 01.2  mag=7.10    2000
#m75      20 06 04.8 -21 55 20.1  mag=8.13    2000
#m30      21 40 22.1 -23 10 47.5  mag=5.20    2000
#NGC288   00 52 45.2 -26 34 57.4  mag=8.13    2000
#m79      05 24 10.6 -24 31 27.3  mag=8.16    2000
#m34      02 42 05.0 +42 45 42    mag=5.20    2000
#m35      06 08 54.0 +24 20 00    mag=5.10    2000
#NGC2682  08 51 18.0 +11 48 00    mag=6.90    2000
#NGC6633  18 27 31.2 +06 34 12    mag=4.60    2000
#NGC7063  21 24 24.0 +36 29 00    mag=7.00    2000
#m41      06 46 01.0 -20 45 24    mag=4.50    2000
#NGC6791  19 20 53.0 +37 46 18    mag=9.50    2000
#ngc1514   04 09 16.98 +30 46 33.5 mag=8.2     2000
#IC1296       18 53 18.831 +33 03 59.63 2000 ,B=15.4,J=12.977,H=12.35 ,K=12.413





#std
#HD22859:B=7.85,V=7.80,G=7.796 ,J=7.622 ,H=7.658 ,K=7.631  
#HD23258:B=6.100,V=6.074,J=5.995,H=6.053,K=6.031
#HD31069:B 6.022,V 6.058,G 6.086,J 6.048,H 6.103,K 6.107
#HR1544 :U=4.39,B=4.36,V=4.35,R=4.29,I=4.29,J=4.26,H=4.21,K=4.17
#feige110:U=10.360,B=11.45 ,V=11.50 ,R=11.970,I=12.145,J=12.548,H=12.663,K=12.796
#std13221:  V=12.071  BV=1.031   UB=0.874   VR=0.550   RI=0.490
#CPD-573781: U=10.78,B=11.25,V=10.94,R=10.76,I=9.951,G=10.42,J=9.294,H=9.107,K=8.974
